7
6
5 38
18 12
46 25
66 18
77 31
88 40
4
12 12
30 13
80 10
90 30
6
20 650
3 1690
50 800
70 620
82 550
95 2350
4
20 30
50 25
70 28
90 29
5
10 3
30 10
35 4
72 8
91 6
5
55 2000
55 2300
55 3800
5 4100
5 4900
8
10 30
20 25
30 15
40 20
50 5
60 35
70 40
90 17
3
15 20
25 17
80 13
5
45 530
55 688
65 1720
55 1460
95 900
4
20 45
30 25
75 27
90 28
1
25 10
5
50 1200
80 1200
80 5500
91 6000
91 14000
3
25 3
60 4
90 5
1
95 90
4
10 100
30 70
65 30
30 6000
5
10 30
15 10
40 20
60 19
85 22
2
70 12
90 3
5
95 100
45 2000
11 2900
20 3662
5 5600
5
38 25
41 13
43 12
45 10
73 45
3
39 6
44 2
90 30
5
3 2200
42 100
42 250
50 1220
99 3600
