2.8333333333333335
19.733333333333334
35.0
50.0
50.0
50.0
3.3703703703703702
3.6333333333333333
18.5
8.181818181818182
27.804878048780488
47.0
50.0
12.0
25.733333333333334
10.166666666666666
30.333333333333336
6.833333333333333
23.333333333333332
28.546666666666667
37.0
32.13333333333333
20.0
49.333333333333336
13.333333333333334
20.0
21.428571428571427
50.0
16.666666666666668
13.333333333333334
7.333333333333333
17.77777777777778
12.0
30.476190476190474
26.0
37.06666666666667
1.6666666666666667
26.096491228070175
20.133333333333333
