7
3
15 20
45 25
60 28
2
20 10
22 5
5
10 4000
50 7000
90 12000
50 20000
50 30500
5
10 35
20 36
30 32
40 33
70 30
2
25 10
80 20
5
5 3300
15 3000
35 1000
50 2470
90 4500
7
11 20
19 30
31 25
52 11
64 13
73 10
81 27
5
12 8
18 10
50 11
70 8
72 5
6
3 1000
12 300
55 700
55 2400
55 2500
55 2800
5
12 30
18 32
40 28
75 33
88 35
2
2 8
90 11
4
50 4400
50 4500
80 2000
80 5500
4
20 10
40 30
60 20
80 40
2
30 25
90 50
5
50 800
50 1000
63 500
5 1270
5 2050
5
10 12
20 14
40 40
70 30
82 32
3
2 8
8 7
95 20
4
15 600
25 1500
50 2760
75 900
4
20 22
22 21
80 20
82 30
1
21 6
3
10 7500
81 6150
90 18000
