7
3
20 32
45 35
60 37
2
10 10
18 7
6
12 100
30 2000
30 3000
30 20000
70 10000
70 21600
8
9 10
19 15
32 13
48 20
66 22
77 14
82 30
92 27
3
22 12
85 20
95 15
7
6 1160
12 1100
50 1050
70 600
70 1800
70 3000
70 3200
4
25 30
50 25
70 40
90 20
2
15 23
60 30
5
30 800
30 1080
80 1700
80 2100
95 1850
5
10 30
15 33
40 35
60 38
85 40
2
5 25
30 12
6
12 500
20 980
50 1800
70 2500
90 3000
90 4000
3
20 20
50 25
85 30
1
10 30
5
30 800
30 1000
80 2000
80 5050
95 2800
6
10 15
15 10
30 20
55 30
70 40
90 37
2
20 20
80 30
7
5 650
12 280
22 800
60 1380
60 2000
95 1000
95 1112
4
50 30
52 20
88 35
90 33
3
51 30
70 22
95 25
3
89 400
60 550
30 1000
